4.838000000000000078e+00
1.051626000000000083e+01
1.068140999999999963e+01
8.521800000000000486e-01
1.124690000000000012e+01
8.482300000000000395e+00
3.958410000000000206e+00
3.078759999999999941e+00
1.100416000000000061e+01
5.815500000000000114e-01
1.016873999999999967e+01
5.403539999999999566e+00
6.408850000000000158e+00
6.795539999999999914e+00
4.398229999999999862e+00
4.168020000000000280e+00
4.963720000000000354e+00
7.162829999999999586e+00
4.900879999999999903e+00
7.288499999999999979e+00
6.283179999999999765e+00
1.105841000000000030e+01
9.752900000000000347e+00
7.883060000000000400e+00
4.398199999999999887e-01
1.036725999999999992e+01
4.461059999999999803e+00
1.187522000000000055e+01
1.218937999999999988e+01
1.241291999999999973e+01
2.638939999999999841e+00
5.654869999999999841e+00
3.671479999999999855e+00
1.577660000000000062e+00
1.112124000000000024e+01
1.004110000000000014e+01
1.099557000000000073e+01
2.324780000000000069e+00
1.588910000000000045e+00
7.940520000000000245e+00
5.026550000000000296e+00
1.156105999999999945e+01
1.885000000000000009e-01
1.251144000000000034e+01
1.123343999999999987e+01
5.499010000000000176e+00
3.392920000000000158e+00
1.599399999999999988e-01
6.371799999999999686e-01
5.192149999999999821e+00
0.000000000000000000e+00
9.424799999999999844e-01
3.644249999999999989e+00
8.607960000000000278e+00
4.272569999999999979e+00
2.260170000000000012e+00
7.548700000000000188e+00
4.649560000000000137e+00
8.291660000000000252e+00
1.080707999999999913e+01
2.835020000000000095e+00
4.451679999999999637e+00
1.923999999999999932e+00
2.608929999999999971e+00
9.110620000000000829e+00
5.277879999999999683e+00
1.130970000000000031e+00
9.864599999999999369e+00
4.731230000000000047e+00
8.105309999999999349e+00
4.146899999999999586e+00
8.225989999999999469e+00
2.010619999999999852e+00
5.615649999999999586e+00
8.196450000000000458e+00
5.654900000000000482e-01
9.374579999999999913e+00
9.293229999999999436e+00
1.011593000000000053e+01
1.093274000000000079e+01
7.475660000000000416e+00
2.073449999999999793e+00
8.168100000000000360e-01
6.487420000000000186e+00
8.451269999999999172e+00
2.827430000000000110e+00
5.215040000000000120e+00
5.466370000000000395e+00
3.863789999999999836e+00
1.061857999999999969e+01
9.899739999999999540e+00
1.030442000000000036e+01
9.899999999999999911e-01
6.372999999999999776e-01
4.429470000000000240e+00
9.265719999999999956e+00
6.597339999999999982e+00
1.059193999999999924e+01
3.531559999999999810e+00
1.206372000000000000e+01
1.767130000000000090e+00
6.094689999999999941e+00
1.174956000000000067e+01
8.537530000000000285e+00
9.245070000000000121e+00
7.476989999999999803e+00
2.513269999999999893e+00
1.696460000000000079e+00
9.801769999999999428e+00
1.252429000000000059e+01
1.055574999999999974e+01
1.382300000000000084e+00
9.063349999999999795e+00
9.718690000000000495e+00
5.906189999999999607e+00
2.199110000000000120e+00
4.876610000000000333e+00
5.089209999999999567e+00
5.896959999999999980e+00
4.838049999999999962e+00
1.079954999999999998e+01
7.975649999999999906e+00
8.636620000000000630e+00
1.005309999999999926e+00
5.285300000000000331e+00
1.237786999999999971e+01
7.602649999999999686e+00
2.757800000000000251e-01
2.216969999999999885e+00
1.759290000000000020e+00
3.267259999999999831e+00
4.335399999999999920e+00
5.343270000000000408e+00
9.173450000000000770e+00
6.596759999999999735e+00
5.816620000000000346e+00
2.513299999999999979e-01
3.769909999999999872e+00
1.113209999999999944e+01
7.979639999999999844e+00
5.886490000000000222e+00
2.257909999999999862e+00
2.700680000000000192e+00
6.911500000000000421e-01
9.198909999999999698e+00
7.202969999999999651e+00
1.181239000000000061e+01
4.712390000000000079e+00
1.136130000000000084e+00
6.031859999999999999e+00
3.168779999999999930e+00
9.472730000000000317e+00
6.723010000000000375e+00
3.979389999999999983e+00
7.728320000000000078e+00
4.073870000000000324e+00
8.496499999999999275e+00
1.049291999999999980e+01
5.152770000000000294e+00
1.822119999999999962e+00
1.038851000000000013e+01
1.222194000000000003e+01
6.785840000000000316e+00
6.848670000000000258e+00
1.138420999999999950e+01
3.769899999999999918e-01
5.780529999999999724e+00
2.501549999999999940e+00
1.144960999999999984e+01
9.423099999999999810e+00
1.561050000000000049e+00
1.445130000000000026e+00
4.476910000000000167e+00
8.649409999999999599e+00
8.796500000000000430e-01
4.036859999999999893e+00
1.197594999999999921e+01
2.890260000000000051e+00
1.168671999999999933e+01
5.054299999999999571e+00
1.049099999999999921e+00
8.727299999999999613e+00
6.689569999999999794e+00
7.098419999999999952e+00
8.019199999999999662e-01
3.518580000000000041e+00
7.099999999999999645e+00
5.969030000000000058e+00
9.990270000000000650e+00
2.576109999999999900e+00
1.118407000000000018e+01
4.775220000000000020e+00
5.928390000000000271e+00
9.927429999999999310e+00
2.701769999999999783e+00
2.738690000000000069e+00
1.231503999999999976e+01
2.931400000000000006e+00
4.173239999999999839e+00
4.084069999999999645e+00
