2.365299999999999903e-01
1.808769999999999989e+00
1.641489999999999894e+00
1.626219999999999999e+00
1.825059999999999905e+00
2.666500000000000092e+00
2.440599999999999992e-01
1.316519999999999913e+00
2.161470000000000002e+00
1.581790000000000029e+00
2.258770000000000167e+00
8.360999999999999543e-01
1.812990000000000101e+00
2.454649999999999999e+00
1.914599999999999913e-01
6.032300000000000439e-01
1.278799999999999937e-01
2.809559999999999835e+00
2.728999999999999759e-01
3.076150000000000162e+00
1.847750000000000004e+00
1.792019999999999946e+00
2.419169999999999821e+00
2.893510000000000026e+00
1.385480000000000045e+00
1.813269999999999937e+00
6.971699999999999564e-01
2.820359999999999978e+00
2.846699999999999786e+00
3.392799999999999816e+00
1.500199999999999978e+00
9.691499999999999559e-01
9.483800000000000008e-01
1.842889999999999917e+00
2.015080000000000204e+00
1.985430000000000028e+00
2.130900000000000016e+00
1.577970000000000095e+00
2.132740000000000080e+00
2.886229999999999851e+00
6.280900000000000372e-01
2.243149999999999977e+00
1.336729999999999974e+00
3.336879999999999846e+00
2.411179999999999879e+00
1.012210000000000054e+00
6.085099999999999953e-01
1.321620000000000017e+00
1.645880000000000010e+00
3.973200000000000065e-01
8.951200000000000268e-01
1.441689999999999916e+00
6.932099999999999929e-01
3.156270000000000131e+00
2.298900000000000110e-01
1.571609999999999951e+00
3.037440000000000140e+00
1.593799999999999939e-01
3.213439999999999852e+00
1.627920000000000034e+00
1.341609999999999969e+00
2.755900000000000016e-01
1.943719999999999892e+00
1.341849999999999987e+00
2.770259999999999945e+00
8.480499999999999705e-01
1.927089999999999970e+00
1.995959999999999956e+00
4.008399999999999741e-01
2.948420000000000041e+00
4.888700000000000268e-01
3.070269999999999833e+00
2.224169999999999980e+00
8.573499999999999455e-01
2.921019999999999950e+00
1.417550000000000088e+00
2.652820000000000178e+00
2.606199999999999850e+00
1.741000000000000103e+00
1.829150000000000054e+00
2.805330000000000101e+00
2.163060000000000205e+00
1.546869999999999967e+00
2.148449999999999971e+00
3.364339999999999886e+00
1.371839999999999948e+00
6.267099999999999893e-01
1.043460000000000054e+00
6.993599999999999817e-01
1.790129999999999999e+00
1.721580000000000110e+00
2.029119999999999813e+00
1.956860000000000044e+00
1.376710000000000100e+00
1.590799999999999992e-01
2.845369999999999955e+00
2.092020000000000213e+00
1.968369999999999953e+00
1.116789999999999949e+00
2.863100000000000200e+00
2.348399999999999821e+00
1.603539999999999965e+00
2.349489999999999856e+00
2.989310000000000134e+00
2.447350000000000136e+00
2.756019999999999914e+00
1.855690000000000062e+00
1.919729999999999936e+00
1.994879999999999987e+00
3.410449999999999982e+00
2.357029999999999959e+00
2.327700000000000102e+00
2.384220000000000006e+00
2.431090000000000195e+00
1.250599999999999934e+00
1.876339999999999897e+00
3.659200000000000230e-01
6.506000000000000671e-02
1.097269999999999968e+00
5.725700000000000234e-01
2.099070000000000213e+00
2.755819999999999936e+00
2.658780000000000143e+00
1.605960000000000054e+00
4.151799999999999935e-01
2.970019999999999882e+00
2.876250000000000195e+00
1.247880000000000100e+00
2.088499999999999801e+00
2.119990000000000041e+00
9.306400000000000228e-01
2.331499999999999961e-01
4.254899999999999793e-01
2.580400000000000027e+00
2.129199999999999982e+00
5.725400000000000489e-01
1.378200000000000092e+00
4.436499999999999888e-01
2.005549999999999944e+00
3.030089999999999950e+00
1.088580000000000103e+00
1.577309999999999990e+00
1.510809999999999986e+00
1.741489999999999982e+00
2.577980000000000160e+00
3.063870000000000093e+00
2.583790000000000031e+00
4.354399999999999937e-01
2.322729999999999961e+00
1.477249999999999952e+00
1.076950000000000074e+00
2.270999999999999908e+00
2.114059999999999828e+00
5.202299999999999702e-01
2.789660000000000029e+00
6.794099999999999584e-01
2.970849999999999991e+00
1.871089999999999920e+00
2.570999999999999952e-01
2.099990000000000023e+00
2.246500000000000163e+00
2.947830000000000172e+00
1.885280000000000067e+00
2.566230000000000011e+00
2.326820000000000110e+00
1.362859999999999960e+00
8.067800000000000527e-01
2.105230000000000157e+00
2.378200000000000092e+00
2.678230000000000111e+00
1.716720000000000024e+00
1.962560000000000082e+00
5.240899999999999448e-01
3.005230000000000068e+00
1.720099999999999962e+00
4.971900000000000208e-01
2.534219999999999917e+00
1.631799999999999917e+00
2.490959999999999841e+00
5.315400000000000125e-01
2.258280000000000065e+00
2.916020000000000056e+00
2.084740000000000038e+00
2.697960000000000136e+00
1.676590000000000025e+00
9.107800000000000340e-01
2.649360000000000159e+00
1.252569999999999961e+00
1.941200000000000037e+00
1.762350000000000083e+00
1.911429999999999962e+00
5.367499999999999494e-01
9.896200000000000552e-01
2.045549999999999979e+00
1.567420000000000035e+00
1.522860000000000102e+00
3.144829999999999792e+00
1.837020000000000097e+00
3.090300000000000269e-01
4.139100000000000001e-01
